RESULTS (TIME)

|   a   |   b   |   c   |     R     |   Time (s)   |
----------------------------------------------------
|   1   |   1   |   1   |     14    |      0.00    |
|   5   |   3   |   6   |    135    |      0.02    |
|   6   |   1   |   6   |    216    |      0.11    |
|   6   |   1   |   1   |    439    |      0.79    |
|   4   |   4   |   3   |    384    |     18.78    |
|   6   |   3   |   2   |    648    |     27.24    |
|   6   |   6   |   5   |    864    |    260.49    |
|   6   |   5   |   3   |   1074    |    364.94    |
